--head
x = { 361.15,360.45,359.75,359.05,358.35,357.65,356.9,356.2,355.45,354.7,353.95,353.2,352.45,351.65,352.35,353.1,353.75,354.55,355.2,355.9,356.6,357.3,357.9,358.6,359.25,359.85,360.55,361.1,361.8 },
y = { 261.75,256.95,252.2,247.45,242.7,237.95,233.3,228.55,223.75,219,214.3,209.65,204.9,200.3,204.6,209.05,213.4,217.8,222.25,226.6,230.95,235.5,239.85,244.3,248.85,253.15,257.6,262.1,266.5 },
rotation = { -76.7994384765625,-77.26603698730469,-77.73101806640625,-78.19680786132813,-78.663330078125,-79.12887573242188,-79.59501647949219,-80.05915832519531,-80.52633666992188,-80.99221801757813,-81.45675659179688,-81.92240905761719,-82.38743591308594,-82.85346984863281,-82.42007446289063,-81.984130859375,-81.54910278320313,-81.11506652832031,-80.68035888671875,-80.24588012695313,-79.81167602539063,-79.37527465820313,-78.94180297851563,-78.5079345703125,-78.07205200195313,-77.63838195800781,-77.20449829101563,-76.76878356933594,-76.33380126953125 },

--body
x = { 208.55,208.35,208.25,208.1,207.9,207.85,207.7,207.5,207.35,207.25,207.05,206.95,206.85,206.7,206.85,206.95,207.1,207.25,207.35,207.5,207.6,207.75,207.9,208,208.15,208.3,208.4,208.55,208.7 },
y = { 345.45,341.85,338.25,334.7,331.1,327.55,323.9,320.4,316.75,313.25,309.6,306.05,302.45,298.9,302.2,305.55,308.9,312.25,315.6,318.9,322.25,325.6,328.95,332.3,335.65,339,342.35,345.7,349.05 },
rotation = { -0.4755859375,-0.95111083984375,-1.4247589111328125,-1.899078369140625,-2.3740234375,-2.8495025634765625,-3.3237152099609375,-3.7983551025390625,-4.274200439453125,-4.74859619140625,-5.22320556640625,-5.69708251953125,-6.17279052734375,-6.6467742919921875,-6.2047576904296875,-5.761138916015625,-5.3185577392578125,-4.875335693359375,-4.4315338134765625,-3.9889373779296875,-3.54498291015625,-3.1032257080078125,-2.66021728515625,-2.216033935546875,-1.7733154296875,-1.3295135498046875,-0.8873138427734375,-0.4432373046875,0 },

--skirt
x = { 156.05,156.15,156.2,156.3,156.35,156.5,156.5,156.65,156.75,156.85,156.9,157,157.15,157.3,157.2,157.1,157,156.9,156.75,156.7,156.6,156.5,156.45,156.3,156.3,156.2,156.15,156.1,156.05 },
y = { 347.9,344.2,340.6,337,333.4,329.75,326.15,322.5,318.85,315.3,311.65,308.05,304.4,300.8,304.2,307.6,310.95,314.3,317.7,321.05,324.45,327.85,331.25,334.65,337.95,341.35,344.7,348.1,351.5 },
rotation = { -0.88555908203125,-0.4546051025390625,-0.022735595703125,0.409149169921875,0.8401031494140625,1.273590087890625,1.704315185546875,2.1365814208984375,2.5677490234375,2.999481201171875,3.4317474365234375,3.862762451171875,4.2950592041015625,4.7268829345703125,4.324615478515625,3.920196533203125,3.51885986328125,3.113677978515625,2.712554931640625,2.308563232421875,1.90606689453125,1.503387451171875,1.0996856689453125,0.6958770751953125,0.292877197265625,-0.109283447265625,-0.512298583984375,-0.915283203125,-1.317291259765625 },

--hair_forehead
x = { 388.75,387.7,386.65,385.55,384.5,383.45,382.25,381.15,380,378.85,377.7,376.5,375.3,374.05,375.2,376.3,377.45,378.55,379.55,380.7,381.7,382.75,383.8,384.8,385.85,386.8,387.8,388.8,389.7 },
y = { 240.3,235.05,229.8,224.45,219.2,213.9,208.7,203.45,198.2,193,187.8,182.55,177.3,172.15,177,181.9,186.7,191.6,196.45,201.35,206.25,211.1,216.05,220.95,225.9,230.85,235.85,240.65,245.7 },
rotation = { -17.538619995117188,-17.772796630859375,-18.003997802734375,-18.237747192382813,-18.470870971679688,-18.703369140625,-18.935989379882813,-19.16876220703125,-19.403213500976563,-19.63543701171875,-19.867752075195313,-20.1009521484375,-20.33343505859375,-20.5667724609375,-20.34881591796875,-20.132553100585938,-19.914138793945313,-19.69744873046875,-19.479400634765625,-19.260757446289063,-19.045425415039063,-18.827194213867188,-18.611541748046875,-18.392974853515625,-18.17620849609375,-17.959716796875,-17.7410888671875,-17.524307250976563,-17.306228637695313 },

--rarm
x = { 283.85,284.4,285,285.35,285.9,286.4,286.95,287.45,287.85,288.4,288.85,289.2,289.7,290.1,289.75,289.3,288.9,288.45,288,287.6,287.15,286.7,286.25,285.75,285.3,284.75,284.3,283.8,283.3 },
y = { 384.45,380.2,375.9,371.6,367.35,363,358.7,354.45,350.1,345.75,341.4,337,332.6,328.25,332.35,336.45,340.45,344.55,348.6,352.7,356.75,360.75,364.75,368.8,372.75,376.8,380.8,384.7,388.7 },
rotation = { -28.048309326171875,-29.262710571289063,-30.476226806640625,-31.691253662109375,-32.906097412109375,-34.12086486816406,-35.33544921875,-36.549591064453125,-37.76499938964844,-38.97822570800781,-40.193145751953125,-41.40843200683594,-42.62355041503906,-43.83625793457031,-42.70391845703125,-41.57032775878906,-40.4371337890625,-39.30218505859375,-38.16871643066406,-37.03509521484375,-35.901611328125,-34.76951599121094,-33.63456726074219,-32.50248718261719,-31.36859130859375,-30.234054565429688,-29.10009765625,-27.96856689453125,-26.833694458007813 },

--rforearm
x = { 306.65,308,309.45,310.85,312.2,313.55,314.9,316.2,317.55,318.75,320,321.2,322.4,323.6,322.5,321.4,320.25,319.1,317.9,316.75,315.55,314.25,313.05,311.75,310.5,309.25,307.9,306.55,305.2 },
y = { 428.1,423.35,418.6,413.75,409,404.2,399.3,394.4,389.45,384.5,379.55,374.5,369.55,364.4,369.15,373.85,378.55,383.2,387.8,392.4,396.95,401.5,406.1,410.6,415.15,419.55,423.95,428.35,432.75 },
rotation = { -27.79986572265625,-28.767959594726563,-29.7342529296875,-30.700393676757813,-31.667190551757813,-32.63475036621094,-33.601837158203125,-34.56904602050781,-35.535675048828125,-36.50160217285156,-37.46879577636719,-38.435211181640625,-39.40202331542969,-40.368682861328125,-39.46722412109375,-38.564788818359375,-37.66160583496094,-36.76002502441406,-35.85798645019531,-34.95375061035156,-34.05250549316406,-33.15068054199219,-32.2474365234375,-31.34564208984375,-30.441802978515625,-29.540740966796875,-28.639495849609375,-27.736892700195313,-26.833694458007813 },

--rhand
x = { 340.65,342.5,344.2,345.95,347.65,349.35,351,352.55,354.15,355.65,357.15,358.65,360.1,361.45,360.2,358.9,357.5,356.1,354.65,353.2,351.75,350.25,348.65,347.15,345.5,343.9,342.2,340.5,338.8 },
y = { 449.1,443.7,438.3,432.85,427.4,421.85,416.3,410.7,405.05,399.4,393.75,388,382.2,376.45,381.9,387.15,392.6,397.9,403.25,408.45,413.7,418.9,424.1,429.2,434.3,439.4,444.45,449.5,454.45 },
rotation = { -28.151031494140625,-29.469223022460938,-30.788223266601563,-32.10400390625,-33.42193603515625,-34.74000549316406,-36.05790710449219,-37.37615966796875,-38.69337463378906,-40.01155090332031,-41.328643798828125,-42.64720153808594,-43.965179443359375,-45.283233642578125,-44.054718017578125,-42.8240966796875,-41.59381103515625,-40.363616943359375,-39.13426208496094,-37.904052734375,-36.67182922363281,-35.44352722167969,-34.213043212890625,-32.983062744140625,-31.752609252929688,-30.522308349609375,-29.293975830078125,-28.063278198242188,-26.834381103515625 },

--larm
x = { 295.85,296.35,296.9,297.4,297.8,298.4,298.75,299.2,299.7,300.1,300.55,300.9,301.3,301.7,301.3,301,300.55,300.2,299.85,299.4,298.95,298.6,298.15,297.6,297.2,296.75,296.3,295.8,295.35 },
y = { 379.1,374.6,370.15,365.7,361.25,356.7,352.3,347.85,343.25,338.8,334.25,329.75,325.25,320.7,324.95,329.2,333.4,337.55,341.8,345.95,350.2,354.4,358.55,362.8,366.85,371.05,375.2,379.35,383.45 },
rotation = { -56.58050537109375,-57.612701416015625,-58.6441650390625,-59.67335510253906,-60.706695556640625,-61.73829650878906,-62.768829345703125,-63.7998046875,-64.83287048339844,-65.86335754394531,-66.89443969726563,-67.92507934570313,-68.95651245117188,-69.98854064941406,-69.02584838867188,-68.06185913085938,-67.09889221191406,-66.138427734375,-65.17543029785156,-64.21299743652344,-63.248504638671875,-62.28709411621094,-61.32550048828125,-60.36273193359375,-59.400543212890625,-58.43804931640625,-57.475128173828125,-56.51234436035156,-55.550872802734375 },

--lforearm
x = { 336.2,336.9,337.5,338.15,338.75,339.4,339.9,340.45,341.05,341.55,342.05,342.45,342.95,343.35,343,342.5,342.1,341.65,341.2,340.65,340.2,339.65,339.1,338.6,337.95,337.35,336.8,336.2,335.5 },
y = { 405.1,400.05,395,390,384.9,379.95,374.8,369.85,364.75,359.7,354.6,349.45,344.4,339.35,344.1,348.85,353.6,358.3,363,367.75,372.5,377.25,381.9,386.6,391.4,396,400.8,405.4,410.1 },
rotation = { -55.79414367675781,-56.03941345214844,-56.28126525878906,-56.525115966796875,-56.76971435546875,-57.01448059082031,-57.25688171386719,-57.5006103515625,-57.74317932128906,-57.98829650878906,-58.23284912109375,-58.47615051269531,-58.71881103515625,-58.962738037109375,-58.736053466796875,-58.50791931152344,-58.28089904785156,-58.0531005859375,-57.825164794921875,-57.59710693359375,-57.370208740234375,-57.14384460449219,-56.91554260253906,-56.68782043457031,-56.45947265625,-56.23291015625,-56.00694274902344,-55.77799987792969,-55.5496826171875 },

--lhand
x = { 377.8,378.5,379.25,379.95,380.6,381.35,382.05,382.65,383.35,383.9,384.45,385,385.55,386.05,385.6,385.1,384.5,384.05,383.55,382.95,382.3,381.7,381.15,380.45,379.75,379.1,378.4,377.7,377 },
y = { 409.5,404.35,399.25,394.1,388.9,383.75,378.6,373.4,368.25,363.05,357.8,352.65,347.45,342.25,347.1,351.95,356.8,361.6,366.5,371.3,376.15,381,385.8,390.7,395.45,400.3,405.05,409.85,414.6 },
rotation = { -55.486724853515625,-55.423248291015625,-55.35691833496094,-55.29365539550781,-55.22813415527344,-55.16505432128906,-55.0997314453125,-55.03509521484375,-54.969970703125,-54.9061279296875,-54.841796875,-54.77581787109375,-54.711700439453125,-54.6470947265625,-54.70703125,-54.768829345703125,-54.828948974609375,-54.88798522949219,-54.948883056640625,-55.009857177734375,-55.06974792480469,-55.13032531738281,-55.189208984375,-55.25114440917969,-55.310791015625,-55.36994934082031,-55.43095397949219,-55.490875244140625,-55.550872802734375 },

--rknee
x = { 83.8,83.25,83.1,83.35,83.85,84.75,86,87.55,89.5,91.65,94.25,97.15,100.35,103.8,100.55,97.55,94.8,92.35,90.2,88.35,86.7,85.35,84.4,83.7,83.25,83.15,83.3,83.85,84.6 },
y = { 376.55,367.6,358.6,349.6,340.6,331.65,322.7,313.9,305.2,296.6,288.15,279.75,271.6,263.75,271.2,278.7,286.45,294.3,302.3,310.4,318.6,326.9,335.2,343.6,351.95,360.35,368.8,377.2,385.45 },
rotation = { -1.55230712890625,2.7596588134765625,7.0759429931640625,11.389602661132813,15.705398559570313,20.020721435546875,24.335830688476563,28.6502685546875,32.96337890625,37.2783203125,41.59381103515625,45.90827941894531,50.2236328125,54.537322998046875,50.51142883300781,46.48480224609375,42.45692443847656,38.430389404296875,34.40272521972656,30.37677001953125,26.348526000976563,22.322235107421875,18.294509887695313,14.266403198242188,10.239974975585938,6.213409423828125,2.1854705810546875,-1.8405609130859375,-5.868438720703125 },

--rfoot
x = { 36.2,35.55,35.45,36,37.2,38.9,41.3,44.1,47.6,51.5,56,61,66.45,72.3,66.8,61.75,56.95,52.7,48.85,45.5,42.5,40.15,38.15,36.75,35.8,35.45,35.6,36.25,37.5 },
y = { 383.6,371.15,358.7,346.25,333.8,321.45,309.35,297.4,285.65,274.15,262.9,252,241.5,231.4,240.85,250.6,260.75,271.15,281.8,292.6,303.7,314.95,326.4,337.85,349.45,361.1,372.8,384.45,396 },
rotation = { 30.220352172851563,34.16099548339844,38.10435485839844,42.04734802246094,45.987762451171875,49.9305419921875,53.87303161621094,57.815765380859375,61.75457763671875,65.69757080078125,69.6419677734375,73.58253479003906,77.52497863769531,81.46786499023438,77.78945922851563,74.10762023925781,70.42819213867188,66.7496337890625,63.071014404296875,59.3914794921875,55.712890625,52.03395080566406,48.353424072265625,44.67436218261719,40.99464416503906,37.31593322753906,33.63517761230469,29.9578857421875,26.277572631835938 },

--lknee
x = { 95.05,92.9,90.95,89.3,88,86.95,86.2,85.8,85.6,85.75,86.25,87.05,88.1,89.45,88.15,87.1,86.35,85.8,85.6,85.65,85.95,86.55,87.3,88.4,89.8,91.35,93.1,95.15,97.45 },
y = { 322.4,323.85,325.35,327,328.75,330.6,332.45,334.45,336.45,338.45,340.35,342.3,344.25,346,344.35,342.65,340.8,338.95,337.05,335.2,333.35,331.55,329.85,328.1,326.55,325,323.6,322.3,321.2 },
rotation = { 43.8621826171875,39.7386474609375,35.61665344238281,31.49334716796875,27.371307373046875,23.2496337890625,19.126632690429688,15.004638671875,10.880401611328125,6.758880615234375,2.6366729736328125,-1.48504638671875,-5.60791015625,-9.728652954101563,-5.8822784423828125,-2.0344390869140625,1.8117523193359375,5.660736083984375,9.5076904296875,13.354598999023438,17.203369140625,21.051864624023438,24.8994140625,28.74578857421875,32.591949462890625,36.43940734863281,40.28790283203125,44.13587951660156,47.9840087890625 },

--lfoot
x = { 59.55,55.45,51.65,48.45,45.55,43.15,41.2,39.75,38.85,38.35,38.3,38.8,39.85,41.4,39.95,38.95,38.4,38.3,38.55,39.35,40.55,42.1,44.1,46.45,49.25,52.45,55.95,59.85,64.05 },
y = { 291.9,295.55,299.45,303.5,307.85,312.35,317.05,321.85,326.7,331.65,336.6,341.55,346.55,351.45,346.85,342.3,337.6,332.95,328.3,323.7,319.25,314.8,310.55,306.4,302.45,298.6,295.05,291.65,288.6 },
rotation = { 79.23936462402344,75.87821960449219,72.5162353515625,69.15402221679688,65.79495239257813,62.43254089355469,59.07261657714844,55.711700439453125,52.349365234375,48.9874267578125,45.6259765625,42.26597595214844,38.90312194824219,35.541473388671875,38.678985595703125,41.8165283203125,44.95408630371094,48.09181213378906,51.22789001464844,54.36602783203125,57.50372314453125,60.640899658203125,63.777984619140625,66.91514587402344,70.05108642578125,73.18997192382813,76.32554626464844,79.463134765625,82.60055541992188 },

--rwings
x = { 287.05,285.3,283.75,282.4,281.2,280.15,279.1,279.1,279.2,279.6,280,280.65,281.4,282.45,281.6,280.65,280.2,279.5,279.2,278.8,278.85,278.7,279.5,280.55,281.8,283.1,284.85,286.6,289.1 },
y = { 262.9,264.3,265.6,267.2,268.55,270,271.3,262.1,252.9,243.8,234.45,225.25,216.15,206.65,215,223.45,231.8,240.1,248.4,256.95,265.2,273.6,271.9,270.15,268.35,266.5,264.75,263.1,261.45 },
xScale = { 0.9991587402036113,0.9987489374703642,0.998333140716133,0.9979554697160695,0.9975471411900452,0.9971321673593317,0.9968759653705598,0.9971344888164468,0.9975121443414483,0.9978897660196558,0.9982717021922011,0.9986549288120934,0.999053582662365,0.9995573558228145,0.9991117314412805,0.9987704721432535,0.9984430155178265,0.9980891946836349,0.9977504888287282,0.9974149082583612,0.9970772114364663,0.9968759653705598,0.9971321673593317,0.9975465993444885,0.9979406300727723,0.9983182206275432,0.9987336800824734,0.9991587402036113,0.9995574952336542 },
yScale = { 0.9398609980336684,0.8801764951775201,0.8205087224117156,0.7608322220656681,0.7011857783511769,0.641556965607634,0.582202751099209,0.6415313964664313,0.7011762209786808,0.760820566095213,0.8204720076669474,0.880123840120183,0.939787006949345,0.9995573558228145,0.9472447291016151,0.8950304920640859,0.8428309213531858,0.7906425039058027,0.7384682835024293,0.686253715297549,0.6340971996309089,0.582202751099209,0.6415418382249647,0.7011857783511769,0.7608335561630836,0.8204934965000291,0.8801605834567293,0.9398613318481763,0.9995574952336542 },
rotation = { -0.2946319580078125,-0.77630615234375,-1.2578582763671875,-1.55230712890625,-2.035308837890625,-2.5171356201171875,-2.9951171875,-2.76751708984375,-2.5345916748046875,-2.3007049560546875,-2.2561798095703125,-2.0248260498046875,-1.7907867431640625,-1.7340087890625,-1.7855377197265625,-2.0134735107421875,-2.0518951416015625,-2.279754638671875,-2.5066680908203125,-2.5467987060546875,-2.771881103515625,-2.9951171875,-2.5171356201171875,-2.0344390869140625,-1.553192138671875,-1.2587432861328125,-0.77630615234375,-0.2946319580078125,-0.0008697509765625 },

--lwings
x = { 284.45,282.75,281.25,279.85,278.75,277.85,276.4,276.3,276.35,276.6,277,277.65,278.4,279.75,278.95,277.95,277.5,276.8,276.5,276.1,276.15,276,276.8,277.75,279,280.4,282.15,283.9,286.4 },
y = { 261.15,262.5,263.8,265.3,266.7,268.1,269.5,260.4,251.2,242.05,232.7,223.6,214.35,204.85,213.25,221.6,230,238.35,246.65,255.1,263.55,271.8,270,268.25,266.55,264.7,262.85,261.25,259.65 },
xScale = { 0.9991587402036113,0.9987489374703642,0.998333140716133,0.9979554697160695,0.9975471411900452,0.9971321673593317,0.9968759653705598,0.9971344888164468,0.9975121443414483,0.9978897660196558,0.9982717021922011,0.9986549288120934,0.999053582662365,0.9995573558228145,0.9991117314412805,0.9987704721432535,0.9984430155178265,0.9980891946836349,0.9977504888287282,0.9974149082583612,0.9970772114364663,0.9968759653705598,0.9971321673593317,0.9975465993444885,0.9979406300727723,0.9983182206275432,0.9987336800824734,0.9991587402036113,0.9995574952336542 },
yScale = { 0.9398609980336684,0.8801764951775201,0.8205087224117156,0.7608322220656681,0.7011857783511769,0.641556965607634,0.582202751099209,0.6415313964664313,0.7011762209786808,0.760820566095213,0.8204720076669474,0.880123840120183,0.939787006949345,0.9995573558228145,0.9472447291016151,0.8950304920640859,0.8428309213531858,0.7906425039058027,0.7384682835024293,0.686253715297549,0.6340971996309089,0.582202751099209,0.6415418382249647,0.7011857783511769,0.7608335561630836,0.8204934965000291,0.8801605834567293,0.9398613318481763,0.9995574952336542 },
rotation = { -0.2946319580078125,-0.77630615234375,-1.2578582763671875,-1.55230712890625,-2.035308837890625,-2.5171356201171875,-2.9951171875,-2.76751708984375,-2.5345916748046875,-2.3007049560546875,-2.2561798095703125,-2.0248260498046875,-1.7907867431640625,-1.7340087890625,-1.7855377197265625,-2.0134735107421875,-2.0518951416015625,-2.279754638671875,-2.5066680908203125,-2.5467987060546875,-2.771881103515625,-2.9951171875,-2.5171356201171875,-2.0344390869140625,-1.553192138671875,-1.2587432861328125,-0.77630615234375,-0.2946319580078125,-0.0008697509765625 },