--head
x = { 361.1,360.45,359.7,359,358.3,357.6,356.85,356.1,355.35,354.6,353.85,353.05,352.3,351.55,352.25,353,353.7,354.4,355.1,355.85,356.55,357.25,357.8,358.55,359.25,359.85,360.5,361.15,361.85 },
y = { 261.75,257,252.35,247.6,242.9,238.2,233.5,228.8,224.1,219.35,214.7,210.05,205.3,200.65,205.05,209.45,213.75,218.1,222.5,226.85,231.25,235.65,240,244.45,248.8,253.3,257.65,262.1,266.5 },
rotation = { -76.7994384765625,-77.26437377929688,-77.73017883300781,-78.19596862792969,-78.66165161132813,-79.12550354003906,-79.59332275390625,-80.05746459960938,-80.52462768554688,-80.99137878417969,-81.45504760742188,-81.92240905761719,-82.38658142089844,-82.85346984863281,-82.41835021972656,-81.984130859375,-81.54824829101563,-81.11506652832031,-80.68035888671875,-80.24588012695313,-79.80998229980469,-79.37527465820313,-78.94012451171875,-78.50625610351563,-78.07121276855469,-77.63587951660156,-77.20283508300781,-76.76713562011719,-76.3321533203125 },

--body
x = { 208.55,208.35,208.2,208.1,207.9,207.8,207.7,207.55,207.35,207.25,207.1,206.95,206.8,206.7,206.85,206.95,207.1,207.2,207.35,207.45,207.6,207.75,207.9,208,208.15,208.3,208.4,208.55,208.7 },
y = { 345.4,341.8,338.2,334.6,331.05,327.45,323.85,320.35,316.7,313.1,309.55,306,302.4,298.8,302.1,305.5,308.85,312.2,315.5,318.8,322.2,325.55,328.9,332.25,335.6,338.9,342.25,345.65,349 },
rotation = { -0.4755859375,-0.9502410888671875,-1.425628662109375,-1.8999481201171875,-2.3740234375,-2.8495025634765625,-3.3245849609375,-3.7983551025390625,-4.274200439453125,-4.74859619140625,-5.22320556640625,-5.6979522705078125,-6.17279052734375,-6.6467742919921875,-6.2039031982421875,-5.7620086669921875,-5.31768798828125,-4.8744659423828125,-4.4315338134765625,-3.9889373779296875,-3.54498291015625,-3.1032257080078125,-2.6593475341796875,-2.216033935546875,-1.7733154296875,-1.3295135498046875,-0.8864288330078125,-0.4432373046875,0 },

--skirt
x = { 155.75,155.8,155.75,155.85,155.9,155.95,155.95,156,156.05,156.1,156.2,156.3,156.35,156.4,156.4,156.3,156.25,156.2,156.1,156.05,155.95,155.9,155.85,155.85,155.8,155.75,155.75,155.75,155.7 },
y = { 348.1,344.45,340.85,337.3,333.65,330.05,326.4,322.85,319.25,315.65,312.05,308.4,304.85,301.25,304.55,307.9,311.35,314.7,318.05,321.4,324.8,328.1,331.45,334.8,338.25,341.6,344.95,348.35,351.75 },
rotation = { -0.8864288330078125,-0.4546051025390625,-0.022735595703125,0.4082794189453125,0.8401031494140625,1.2718505859375,1.7034454345703125,2.135711669921875,2.566864013671875,2.9986114501953125,3.4300079345703125,3.8618927001953125,4.2950592041015625,4.7268829345703125,4.3237457275390625,3.920196533203125,3.5171051025390625,3.1145477294921875,2.7116851806640625,2.3094329833984375,1.904327392578125,1.500762939453125,1.09881591796875,0.6958770751953125,0.2937469482421875,-0.109283447265625,-0.512298583984375,-0.915283203125,-1.3199005126953125 },

--rarm
x = { 292.95,293.15,293.4,293.65,293.85,294,294.25,294.45,294.65,294.8,295.05,295.15,295.4,295.5,295.3,295.25,295.1,294.85,294.65,294.5,294.35,294.15,293.9,293.8,293.6,293.35,293.15,292.95,292.75 },
y = { 380.75,376.4,372.15,367.85,363.5,359.15,354.85,350.5,346.2,341.9,337.55,333.2,328.9,324.5,328.6,332.7,336.7,340.7,344.75,348.8,352.8,356.85,360.9,364.95,368.95,372.9,377,381.05,385.1 },
rotation = { -48.82554626464844,-49.473846435546875,-50.12359619140625,-50.773284912109375,-51.42237854003906,-52.07037353515625,-52.7216796875,-53.370941162109375,-54.01988220214844,-54.66862487792969,-55.31907653808594,-55.969696044921875,-56.61767578125,-57.26615905761719,-56.66096496582031,-56.0550537109375,-55.4493408203125,-54.841796875,-54.236297607421875,-53.629669189453125,-53.02400207519531,-52.41847229003906,-51.81292724609375,-51.20452880859375,-50.600067138671875,-49.99357604980469,-49.38909912109375,-48.78147888183594,-48.17425537109375 },

--rforearm
x = { 333.1,333.35,333.6,333.85,334,334.2,334.4,334.55,334.75,334.95,335.05,335.1,335.3,335.4,335.3,335.2,335.05,334.95,334.8,334.6,334.55,334.25,334.1,333.95,333.7,333.45,333.3,333.05,332.85 },
y = { 411.25,406.8,402.4,398.05,393.65,389.25,384.75,380.45,376.05,371.65,367.2,362.75,358.3,353.9,358.05,362.15,366.35,370.35,374.6,378.65,382.8,386.9,391.05,395.15,399.2,403.3,407.4,411.5,415.6 },
rotation = { -54.61395263671875,-53.867889404296875,-53.12400817871094,-52.37841796875,-51.63298034667969,-50.88836669921875,-50.1436767578125,-49.39765930175781,-48.65065002441406,-47.90544128417969,-47.16038513183594,-46.41453552246094,-45.66978454589844,-44.925628662109375,-45.62107849121094,-46.3165283203125,-47.01171875,-47.70770263671875,-48.40325927734375,-49.097625732421875,-49.79359436035156,-50.491119384765625,-51.18646240234375,-51.88157653808594,-52.576385498046875,-53.273101806640625,-53.968963623046875,-54.66455078125,-55.35870361328125 },

--rhand
x = { 372.85,373,373.2,373.35,373.5,373.6,373.75,373.8,373.9,373.95,374,374.05,374,374.05,374,374.05,374,374,373.95,373.8,373.75,373.7,373.5,373.45,373.3,373.15,373,372.8,372.6 },
y = { 415.25,411.25,407.2,403.25,399.2,395.25,391.3,387.2,383.2,379.2,375.15,371.15,367.15,363,366.85,370.65,374.3,378.05,381.85,385.65,389.35,393.1,396.8,400.6,404.35,408,411.8,415.5,419.25 },
rotation = { -53.307373046875,-53.040740966796875,-52.77485656738281,-52.50697326660156,-52.24046325683594,-51.97367858886719,-51.70721435546875,-51.4405517578125,-51.17320251464844,-50.9078369140625,-50.64080810546875,-50.374237060546875,-50.10711669921875,-49.83952331542969,-50.09014892578125,-50.33845520019531,-50.587005615234375,-50.83628845214844,-51.08470153808594,-51.332733154296875,-51.58357238769531,-51.832366943359375,-52.08070373535156,-52.32908630371094,-52.577484130859375,-52.826995849609375,-53.07704162597656,-53.325927734375,-53.57417297363281 },

--larm
x = { 341.75,342.25,342.75,343.2,343.65,344.05,344.45,344.85,345.2,345.55,345.9,346.2,346.5,346.8,346.5,346.25,345.95,345.65,345.35,345,344.65,344.3,343.9,343.5,343.1,342.65,342.2,341.75,341.25 },
y = { 397.55,392.6,387.65,382.65,377.7,372.7,367.75,362.75,357.75,352.75,347.75,342.75,337.75,332.75,337.45,342.1,346.75,351.45,356.1,360.75,365.4,370.05,374.7,379.35,384,388.65,393.25,397.9,402.5 },
rotation = { -60.54005432128906,-60.54005432128906,-60.54005432128906,-60.54072570800781,-60.54072570800781,-60.54072570800781,-60.54072570800781,-60.54072570800781,-60.54072570800781,-60.54072570800781,-60.54072570800781,-60.54072570800781,-60.54072570800781,-60.54072570800781,-60.54072570800781,-60.54072570800781,-60.54072570800781,-60.54072570800781,-60.54072570800781,-60.54072570800781,-60.54072570800781,-60.54072570800781,-60.54072570800781,-60.54072570800781,-60.54072570800781,-60.54005432128906,-60.54005432128906,-60.54005432128906,-60.54005432128906 },

--lforearm
x = { 341.75,342.25,342.75,343.2,343.65,344.05,344.45,344.85,345.2,345.55,345.9,346.2,346.5,346.8,346.5,346.25,345.95,345.65,345.35,345,344.65,344.3,343.9,343.5,343.1,342.65,342.2,341.75,341.25 },
y = { 397.55,392.6,387.65,382.65,377.7,372.7,367.75,362.75,357.75,352.75,347.75,342.75,337.75,332.75,337.45,342.1,346.75,351.45,356.1,360.75,365.4,370.05,374.7,379.35,384,388.65,393.25,397.9,402.5 },
rotation = { -60.54005432128906,-60.54005432128906,-60.54005432128906,-60.54072570800781,-60.54072570800781,-60.54072570800781,-60.54072570800781,-60.54072570800781,-60.54072570800781,-60.54072570800781,-60.54072570800781,-60.54072570800781,-60.54072570800781,-60.54072570800781,-60.54072570800781,-60.54072570800781,-60.54072570800781,-60.54072570800781,-60.54072570800781,-60.54072570800781,-60.54072570800781,-60.54072570800781,-60.54072570800781,-60.54072570800781,-60.54072570800781,-60.54005432128906,-60.54005432128906,-60.54005432128906,-60.54005432128906 },

--lhand
x = { 383.3,383.95,384.5,385.05,385.5,386,386.5,386.95,387.4,387.8,388.2,388.6,388.95,389.25,388.95,388.7,388.25,387.9,387.55,387.15,386.75,386.3,385.8,385.35,384.9,384.4,383.75,383.25,382.7 },
y = { 397.65,392.95,388.15,383.4,378.7,373.95,369.2,364.4,359.65,354.9,350.15,345.35,340.6,335.85,340.3,344.8,349.15,353.65,358.1,362.6,366.95,371.45,375.85,380.3,384.7,389.1,393.5,397.9,402.4 },
rotation = { -63.64234924316406,-62.80894470214844,-61.97554016113281,-61.1407470703125,-60.30596923828125,-59.472503662109375,-58.63714599609375,-57.803863525390625,-56.96958923339844,-56.13514709472656,-55.30134582519531,-54.465484619140625,-53.631378173828125,-52.79759216308594,-53.57643127441406,-54.35505676269531,-55.133270263671875,-55.91090393066406,-56.68965148925781,-57.47077941894531,-58.24864196777344,-59.02696228027344,-59.80577087402344,-60.583160400390625,-61.362518310546875,-62.13996887207031,-62.91972351074219,-63.69853210449219,-64.47584533691406 },

--rhip
x = { 152.65,152.6,152.65,152.65,152.8,152.95,153.2,153.55,153.95,154.35,154.85,155.45,155.95,156.7,156.05,155.5,154.95,154.45,154.05,153.75,153.4,153.1,152.95,152.75,152.65,152.6,152.6,152.7,152.75 },
y = { 357.2,355.15,353.25,351.2,349.25,347.2,345.2,343.15,341.25,339.15,337.05,334.95,332.8,330.7,332.7,334.7,336.6,338.55,340.5,342.4,344.25,346.15,348,349.85,351.75,353.6,355.45,357.3,359.15 },
rotation = { 16.017654418945313,13.197235107421875,10.3770751953125,7.555877685546875,4.7364349365234375,1.91741943359375,-0.90216064453125,-3.7226104736328125,-6.542388916015625,-9.362197875976563,-12.181304931640625,-15.00054931640625,-17.821945190429688,-20.641845703125,-18.010330200195313,-15.378372192382813,-12.746444702148438,-10.1146240234375,-7.481109619140625,-4.84930419921875,-2.2186431884765625,0.4126434326171875,3.0448150634765625,5.67718505859375,8.309707641601563,10.941940307617188,13.572891235351563,16.204864501953125,18.836593627929688 },

--rknee
x = { 95.25,93.35,91.7,90.2,88.95,88,87.3,86.75,86.55,86.55,86.85,87.3,88.05,89.05,88.1,87.4,86.85,86.65,86.5,86.7,87,87.6,88.35,89.35,90.6,92.05,93.6,95.45,97.45 },
y = { 322.1,323.2,324.35,325.6,326.95,328.35,329.75,331.25,332.8,334.3,335.95,337.4,338.9,340.35,338.95,337.6,336.2,334.7,333.35,331.9,330.45,329.1,327.75,326.5,325.3,324.1,323.05,322.05,321.15 },
rotation = { 44.67878723144531,41.37348937988281,38.068603515625,34.76478576660156,31.458999633789063,28.155792236328125,24.851211547851563,21.546661376953125,18.24090576171875,14.936920166015625,11.631362915039063,8.325958251953125,5.0211181640625,1.7165374755859375,4.800689697265625,7.886383056640625,10.970596313476563,14.054351806640625,17.1395263671875,20.223434448242188,23.30865478515625,26.392730712890625,29.476516723632813,32.5609130859375,35.64668273925781,38.731170654296875,41.81361389160156,44.89801025390625,47.9844970703125 },

--rfoot
x = { 60.3,56.85,53.65,50.85,48.45,46.4,44.9,43.6,42.85,42.35,42.35,42.7,43.45,44.6,43.5,42.75,42.35,42.3,42.6,43.25,44.2,45.55,47.25,49.3,51.55,54.3,57.2,60.55,64.2 },
y = { 291.6,294.75,298.1,301.6,305.3,309.15,313,316.95,320.95,325.05,329.15,333.15,337.2,341.15,337.4,333.75,329.9,326.1,322.35,318.6,314.9,311.2,307.6,304.05,300.7,297.4,294.3,291.4,288.55 },
rotation = { 78.29148864746094,73.97911071777344,69.66732788085938,65.35646057128906,61.044281005859375,56.7342529296875,52.42121887207031,48.11167907714844,43.79939270019531,39.48649597167969,35.175140380859375,30.8636474609375,26.55316162109375,22.24139404296875,26.266326904296875,30.289505004882813,34.3133544921875,38.33744812011719,42.36207580566406,46.385650634765625,50.4100341796875,54.434234619140625,58.457733154296875,62.48133850097656,66.50578308105469,70.52992248535156,74.55500793457031,78.58015441894531,82.60313415527344 },

--lhip
x = { 149.1,149.15,149.15,149.25,149.45,149.75,150.15,150.6,151.05,151.7,152.35,153.15,154,154.9,154.1,153.25,152.55,151.95,151.3,150.85,150.4,149.95,149.7,149.45,149.2,149.1,149.15,149.1,149.25 },
y = { 370.8,365.9,361,356.2,351.3,346.4,341.6,336.75,332,327.2,322.45,317.8,313,308.4,312.8,317.1,321.45,325.95,330.35,334.85,339.35,343.8,348.35,352.9,357.45,362.05,366.55,371.1,375.65 },
rotation = { -19.113372802734375,-16.102432250976563,-13.092788696289063,-10.080734252929688,-7.069915771484375,-4.0576629638671875,-1.045501708984375,1.9654541015625,4.97686767578125,7.987579345703125,11.000076293945313,14.011550903320313,17.02288818359375,20.033843994140625,17.221710205078125,14.4124755859375,11.603683471679688,8.791885375976563,5.9808807373046875,3.1685943603515625,0.35931396484375,-2.4508209228515625,-5.26220703125,-8.07244873046875,-10.8829345703125,-13.692611694335938,-16.504302978515625,-19.314498901367188,-22.125946044921875 },

--lknee
x = { 83.5,82.9,82.4,82.3,82.5,82.95,83.65,84.6,85.85,87.35,89.1,91.15,93.35,95.95,93.6,91.4,89.5,87.8,86.25,85.05,84.1,83.2,82.7,82.45,82.35,82.45,82.95,83.5,84.35 },
y = { 377.3,369,360.7,352.35,343.95,335.55,327.1,318.75,310.45,302.1,293.9,285.8,277.8,269.85,277.25,284.75,292.25,299.9,307.65,315.4,323.25,331.05,338.9,346.7,354.5,362.35,370.05,377.9,385.55 },
rotation = { -3.1808013916015625,-0.493072509765625,2.1924591064453125,4.88140869140625,7.567901611328125,10.256912231445313,12.941741943359375,15.630828857421875,18.318939208984375,21.004638671875,23.69317626953125,26.379409790039063,29.06671142578125,31.7545166015625,29.248062133789063,26.738250732421875,24.229782104492188,21.721160888671875,19.2139892578125,16.706619262695313,14.197402954101563,11.689224243164063,9.181671142578125,6.6726531982421875,4.164642333984375,1.6571502685546875,-0.8506011962890625,-3.3603057861328125,-5.8675689697265625 },

--lfoot
x = { 36.6,35.9,35.55,35.65,36.05,36.85,37.95,39.45,41.25,43.4,45.85,48.75,51.9,55.4,52.15,49.1,46.4,44.05,41.9,40.1,38.6,37.35,36.5,35.9,35.6,35.65,36,36.6,37.55 },
y = { 385.5,375.15,364.8,354.4,344,333.65,323.3,313.1,302.85,292.8,282.85,272.9,263.25,253.7,262.55,271.6,280.85,290.1,299.5,308.95,318.5,328.15,337.85,347.4,357.15,366.9,376.5,386.2,395.75 },
rotation = { 28.20538330078125,30.133453369140625,32.06195068359375,33.99125671386719,35.9205322265625,37.84904479980469,39.777923583984375,41.707550048828125,43.63587951660156,45.56352233886719,47.4921875,49.42085266113281,51.350860595703125,53.27928161621094,51.47906494140625,49.67854309082031,47.87896728515625,46.079254150390625,44.27873229980469,42.477386474609375,40.67835998535156,38.878753662109375,37.077972412109375,35.27723693847656,33.477325439453125,31.67669677734375,29.877105712890625,28.076217651367188,26.276870727539063 },

--rwings
x = { 287.05,285.3,283.75,282.35,281.15,280.1,279.1,279.1,279.2,279.6,280,280.65,281.4,282.45,281.6,280.65,280.2,279.5,279.2,278.8,278.85,278.7,279.5,280.55,281.8,283.15,284.9,286.65,289.1 },
y = { 262.9,264.3,265.6,267.2,268.55,270,271.3,262.1,252.9,243.8,234.45,225.25,216.15,206.65,215,223.45,231.8,240.1,248.4,256.95,265.2,273.6,271.9,270.15,268.35,266.5,264.75,263.1,261.45 },
xScale = { 0.9991587402036113,0.9987489374703642,0.998333140716133,0.9979554697160695,0.9975471411900452,0.9971321673593317,0.9968759653705598,0.9971344888164468,0.9975121443414483,0.9978897660196558,0.9982717021922011,0.9986549288120934,0.999053582662365,0.9995573558228145,0.9991117314412805,0.9987704721432535,0.9984430155178265,0.9980891946836349,0.9977504888287282,0.9974149082583612,0.9970772114364663,0.9968759653705598,0.9971321673593317,0.9975465993444885,0.9979406300727723,0.9983182206275432,0.9987336800824734,0.9991587402036113,0.9995574952336542 },
yScale = { 0.9398609980336684,0.8801764951775201,0.8205087224117156,0.7608322220656681,0.7011857783511769,0.641556965607634,0.582202751099209,0.6415313964664313,0.7011762209786808,0.760820566095213,0.8204720076669474,0.880123840120183,0.939787006949345,0.9995573558228145,0.9472447291016151,0.8950304920640859,0.8428309213531858,0.7906425039058027,0.7384682835024293,0.686253715297549,0.6340971996309089,0.582202751099209,0.6415418382249647,0.7011857783511769,0.7608335561630836,0.8204934965000291,0.8801605834567293,0.9398613318481763,0.9995574952336542 },
rotation = { -0.2946319580078125,-0.77630615234375,-1.2578582763671875,-1.55230712890625,-2.035308837890625,-2.5171356201171875,-2.9951171875,-2.76751708984375,-2.5345916748046875,-2.3007049560546875,-2.2561798095703125,-2.0248260498046875,-1.7907867431640625,-1.7340087890625,-1.7855377197265625,-2.0134735107421875,-2.0518951416015625,-2.279754638671875,-2.5066680908203125,-2.5467987060546875,-2.771881103515625,-2.9951171875,-2.5171356201171875,-2.0344390869140625,-1.553192138671875,-1.2587432861328125,-0.77630615234375,-0.2946319580078125,-0.0008697509765625 },

--lwings
x = { 284.45,282.7,281.2,279.8,278.7,277.75,276.4,276.3,276.35,276.6,277.05,277.7,278.45,279.75,278.95,277.95,277.5,276.8,276.5,276.1,276.15,276,276.8,277.8,279.05,280.4,282.15,283.95,286.4 },
y = { 261.15,262.5,263.8,265.3,266.7,268.1,269.5,260.4,251.2,242.05,232.7,223.6,214.35,204.85,213.25,221.6,230,238.35,246.65,255.1,263.55,271.8,270,268.25,266.55,264.7,262.85,261.25,259.65 },
xScale = { 0.9991587402036113,0.9987489374703642,0.998333140716133,0.9979554697160695,0.9975471411900452,0.9971321673593317,0.9968759653705598,0.9971344888164468,0.9975121443414483,0.9978897660196558,0.9982717021922011,0.9986549288120934,0.999053582662365,0.9995573558228145,0.9991117314412805,0.9987704721432535,0.9984430155178265,0.9980891946836349,0.9977504888287282,0.9974149082583612,0.9970772114364663,0.9968759653705598,0.9971321673593317,0.9975465993444885,0.9979406300727723,0.9983182206275432,0.9987336800824734,0.9991587402036113,0.9995574952336542 },
yScale = { 0.9398609980336684,0.8801764951775201,0.8205087224117156,0.7608322220656681,0.7011857783511769,0.641556965607634,0.582202751099209,0.6415313964664313,0.7011762209786808,0.760820566095213,0.8204720076669474,0.880123840120183,0.939787006949345,0.9995573558228145,0.9472447291016151,0.8950304920640859,0.8428309213531858,0.7906425039058027,0.7384682835024293,0.686253715297549,0.6340971996309089,0.582202751099209,0.6415418382249647,0.7011857783511769,0.7608335561630836,0.8204934965000291,0.8801605834567293,0.9398613318481763,0.9995574952336542 },
rotation = { -0.2946319580078125,-0.77630615234375,-1.2578582763671875,-1.55230712890625,-2.035308837890625,-2.5171356201171875,-2.9951171875,-2.76751708984375,-2.5345916748046875,-2.3007049560546875,-2.2561798095703125,-2.0248260498046875,-1.7907867431640625,-1.7340087890625,-1.7855377197265625,-2.0134735107421875,-2.0518951416015625,-2.279754638671875,-2.5066680908203125,-2.5467987060546875,-2.771881103515625,-2.9951171875,-2.5171356201171875,-2.0344390869140625,-1.553192138671875,-1.2587432861328125,-0.77630615234375,-0.2946319580078125,-0.0008697509765625 },
